
=====2024-04-25=====
MNOS: 

[[0.  0.  0.3]
 [0.  0.4 0.4]]
====================================================================================================
NUMNOS: 

3
====================================================================================================
NUMELEM: 

3
====================================================================================================
LISTA_INICIAL_RESULTANTES: 
None
0
None
None
150
-100
====================================================================================================
ELAST: 

210000000000.0
====================================================================================================
M_AREAS: 

[[0.0002]
 [0.0002]
 [0.0002]]
====================================================================================================
LINHASREMOVIDAS: 
0
2
3
====================================================================================================
VETOR_RESULTANTES_REDUZIDO: 

[[   0]
 [ 150]
 [-100]]
====================================================================================================
MCONECT: 

[[-1.  0.  1.]
 [ 1. -1.  0.]
 [ 0.  1. -1.]]
====================================================================================================
MMEMBROS: 

[[ 0.   0.3 -0.3]
 [ 0.4  0.  -0.4]]
====================================================================================================
LISTA_L: 
0.4
0.3
0.5
====================================================================================================
LISTA_MATRIZ_S: 
[[0.00e+00 0.00e+00]
 [0.00e+00 1.05e+08]]
[[1.4e+08 0.0e+00]
 [0.0e+00 0.0e+00]]
[[30240000.         40320000.        ]
 [40320000.         53760000.00000001]]
====================================================================================================
M_K_GLOBAL: 

[[ 3.0240e+07  4.0320e+07  0.0000e+00  0.0000e+00 -3.0240e+07 -4.0320e+07]
 [ 4.0320e+07  1.5876e+08  0.0000e+00 -1.0500e+08 -4.0320e+07 -5.3760e+07]
 [ 0.0000e+00  0.0000e+00  1.4000e+08  0.0000e+00 -1.4000e+08  0.0000e+00]
 [ 0.0000e+00 -1.0500e+08  0.0000e+00  1.0500e+08  0.0000e+00  0.0000e+00]
 [-3.0240e+07 -4.0320e+07 -1.4000e+08  0.0000e+00  1.7024e+08  4.0320e+07]
 [-4.0320e+07 -5.3760e+07  0.0000e+00  0.0000e+00  4.0320e+07  5.3760e+07]]
====================================================================================================
M_K_GLOBAL_REDUZIDA: 

[[ 1.5876e+08 -4.0320e+07 -5.3760e+07]
 [-4.0320e+07  1.7024e+08  4.0320e+07]
 [-5.3760e+07  4.0320e+07  5.3760e+07]]
====================================================================================================
VETOR_U_REDUZIDO: 

[[-9.52380952e-07]
 [ 1.60714286e-06]
 [-4.01785714e-06]]
====================================================================================================
VETOR_U: 

[[ 0.00000000e+00]
 [-9.52380952e-07]
 [ 0.00000000e+00]
 [ 0.00000000e+00]
 [ 1.60714286e-06]
 [-4.01785714e-06]]
====================================================================================================
LISTA_FINAL_RESULTANTES: 

[[  75.]
 [   0.]
 [-225.]
 [ 100.]
 [ 150.]
 [-100.]]
====================================================================================================
LISTA_TENSOES: 
[[500000.]]
[[1125000.]]
[[-625000.]]
====================================================================================================
